228347
242863
243614
243616
244225
244313
244495
244500
244518
244629
244831
245148
245277
245302
245304
245356
245373
245383
245393
245394
245403
245445
245495
245575
245651
245722
245724
245789
245791
245793
245795
245797
245848
245853
245945
245964
246066
246141
246194
246195
246276
246284
246320
246472
246511
246538
246544
246545
246549
246550
246552
246559
246571
246572
246573
246576
246579
246596
246628
246630
246632
246637
246638
246639
246640
246641
246642
246660
246722
246723
246741
246763
246844
246894
246902